66 119
36 1 1 1 1 1 1 1 1 1 1 1 1 1 1 1 1 1 1 1 1 1 1 1 1 1 1 1 1 1 1 1 1 1 1 1 1
2 1 1

2 1 31 30 36 AAdd
2 1 36 17 37 AAdd
2 1 37 38 39 ADiv
2 1 33 29 40 AAdd
2 1 40 28 41 AAdd
2 1 42 41 43 AMul
2 1 34 18 44 AAdd
2 1 44 9 45 AAdd
2 1 46 45 47 AMul
2 1 43 47 48 ADiv
2 1 49 48 50 ASub
2 1 50 51 52 ALt
2 1 52 50 53 AMul
2 1 51 52 54 ASub
2 1 54 51 55 AMul
2 1 53 55 56 AAdd
2 1 19 13 57 AAdd
2 1 57 10 58 AAdd
2 1 58 59 60 ADiv
2 1 1 14 61 AAdd
2 1 61 21 62 AAdd
2 1 62 63 64 ADiv
2 1 1 14 65 AAdd
2 1 65 21 66 AAdd
2 1 66 67 68 ADiv
2 1 1 68 69 ASub
2 1 69 70 71 APow
2 1 14 68 72 ASub
2 1 72 70 73 APow
2 1 71 73 74 AAdd
2 1 21 68 75 ASub
2 1 75 70 76 APow
2 1 74 76 77 AAdd
2 1 77 70 118 ADiv
2 1 35 11 78 AAdd
2 1 78 5 79 AAdd
2 1 79 80 81 ADiv
2 1 27 7 82 AAdd
2 1 82 0 83 AAdd
2 1 84 83 85 AMul
2 1 8 4 86 AAdd
2 1 86 12 87 AAdd
2 1 88 87 89 AMul
2 1 2 16 90 AAdd
2 1 90 15 91 AAdd
2 1 92 91 93 AMul
2 1 6 20 94 AAdd
2 1 94 32 95 AAdd
2 1 96 95 97 AMul
2 1 24 23 98 AAdd
2 1 98 26 99 AAdd
2 1 99 100 101 ADiv
2 1 25 22 102 AAdd
2 1 102 3 103 AAdd
2 1 103 104 105 ADiv
2 1 85 89 106 ADiv
2 1 93 97 107 ADiv
2 1 39 56 108 AAdd
2 1 108 60 109 AAdd
2 1 109 64 110 AAdd
2 1 110 81 111 ASub
2 1 111 106 112 ASub
2 1 112 107 113 ASub
2 1 113 101 114 ASub
2 1 114 105 115 ASub
2 1 115 116 117 AAdd
